008201
00666R
00665L
00662
0057
0058
006208
0052
0059
00639
006205
00625K
00634R
00633L
00645
00641R
00640L
00652
00654R
00653L
006207
00649
00651R
00650L
6456
4971
5284
911626
3673
4803
3299
3518
6141
8462
8109
3581
8155
8401
2236
4103
9938
8404
6259
2483
6152
3031
3205
8927
6270
8423
8093
3537
5301
5312
3115
1805
1813
5450
1906
9904
5210
8222
5904
1475
4107
8935
1729
3379
1569
1215
8467
3163
6248
6291
3594
4707
8255
8450
8088
1707
6263
3073
6129
2495
4966
4139
9960
9103
3068
9914
2477
2439
5255
4721
2723
1795
2020
1731
1732
6138
6244
4935
6227
2342
3213
9942
3665
2916
2464
5211
8043
1442
3380
911608
8215
4116
8938
8420
3060
2429
4432
4545
3563
4950
4109
4413
2457
6206
3313
3526
6196
4527
6265
2061
3004
9910
5523
5288
2015
6189
3052
5706
6026
1434
8131
1225
4402
8085
9924
8411
1219
1787
4513
8929
8454
2881A
2881
8261
5465
3623
1815
5102
6603
6136
6264
2724
6219
4907
3645
8163
3686
6177
5276
2535
1315
5234
6523
5432
6120
6184
8437
1441
9908
8924
8455
2371
1470
1232
4716
3008
3702
3167
1432
4804
8415
4706
9905
2221
8436
1453
8931
6021
5281
3218
6020
6435
3570
3701
6022
2640
1210
2027
8099
1615
6469
2608
1521
8107
2478
1609
1213
1321
5907
1445
6111
1464
6144
1264
3030
5475
5902
5511
8048
4911
3675
4720
3303
3490
1324
6605
2852
2706
2009
2892
3372
3288
6485
3562
3306
2923
3611
5304
2426
6251
911616
3545
5305
2459
2480
2499
3290
5538
4526
1110
1710
3609
2924
4401
5225
1414
2006
1418
8064
1708
2321
8432
3272
2614
5438
4105
1319
1504
2908
911613
1802
5425
1310
6278
5878
1722
1454
2308
1309
3432
8011
1473
5906
1101
1742
4905
5601
5353
2383
2841
1336
2617
2636
1326
9902
8039
2330
3221
1304
6269
8926
1724
2887
2103
3265
1902
2812
2832
2208
3532
6464
1220
1301
6505
1613
6274
4746
2314
4152
3045
4415
6246
2834
1737
3284
2440
4934
4157
5302
2506
2511
4126
4736
2230
9927
2102
4927
3339
9105
911622
1218
3338
8289
3064
6266
8027
2929
4972
4609
2035
4168
1522
6199
4127
5310
6225
1233
2740
5345
8171
5251
2358
4536
5487
3588
6404
911868
3321
3018
5490
5460
6271
3552
2434
5480
2910
6426
6170
1216
2855
2912
9907
8150
1440
2108
8046
6504
2101
1752
1702
4712
1410
5905
1303
2408
1467
2316
3512
8071
3317
1451
2913
4946
1529
3662
8066
2349
5230
6207
8033
3438
5704
2362
3066
6212
1469
1447
3593
4552
3051
5520
1444
5364
1570
3553
5512
5202
3483
6239
1515
5398
3529
3058
6245
6175
2472
5227
6242
8111
4968
1443
5344
3054
1423
3444
1517
4426
4137
2465
2302
2911
9949
2705
2115
2732
5491
2482
2838
6213
1459
2454
3308
4912
2303
4903
4129
1229
1231
3094
3450
2347
2431
1313
4113
2537
3441
3081
3014
3550
3034
5464
2462
6290
6198
4952
6166
8105
2453
2401
5212
8249
2369
3029
5603
8374
8077
2364
3698
5519
6542
2514
4141
5530
6609
2424
3354
3519
8444
2596
1262
4510
8996
2906
1531
5439
6234
2008
2836
2736
8472
2546
3093
6146
1524
3607
2423
2704
2889
00664R
00663L
2882
00636
00656R
00655L
00659R
00658L
00657
8936
4142
1713
2501
4722
2327
1312
1312A
5410
2504
2406
2505
5306
2017
6183
8941
2520
8354
1806
2466
2301
4420
6226
2340
6431
5315
8032
8916
3234
4956
3624
2461
2338
6442
3428
3666
1785
6188
1416
2382
1537
1338
3287
8050
4973
2328
6125
5521
6496
3043
4984
5215
4542
4987
1786
8422
2474
2883
5317
8059
1817
5498
5201
5468
5264
4739
9919
4154
4144
3672
6016
6236
910322
6282
6452
5206
2365
6803
6158
3026
3556
6103
4745
5880
1618
6182
8937
3704
5381
1781
4743
3268
2038
3694
3252
2348
6203
1234
6218
4735
3114
9943
4174
2405
2107
2739
1536
2207
1714
1783
3191
1586
3049
1810
6215
4938
1709
2488
2404
3707
3402
5205
2634
8082
3658
6150
8103
5469
3297
1325
910708
8349
8934
6279
6486
2433
6172
1730
8906
2344
2820
6107
8087
2109
6235
1603
6163
8110
2329
2313
2880
3010
2548
8101
4737
2610
8240
2530
3059
2468
5015
3515
1305
1605
2492
4979
6164
1905
1519
6289
2357
5328
1608
3086
3474
1436
8446
2475
5481
2702
3419
6148
6237
6414
3202
4108
8424
6508
2904
8431
5484
2637
4549
4207
3499
1104
2413
6488
4198
4991
2528
5533
9951
2545
2543
8081
3466
4915
2375
2345
5478
6294
8176
5245
4162
4551
3596
5263
3035
3434
2642
1339
2886
3548
2485
4944
4167
1776
4958
5426
8114
6143
3520
2373
2801
2030
1538
3149
2641
1506
8147
1904
2105
2392
4906
2496
9917
4702
5483
5403
5609
1435
1611
9933
911611
6217
1723
4128
5388
5604
9930
2002
2002A
2013
2613
5371
2515
1439
2612
2204
2412
1727
4205
1701
1762
2323
2014
1718
2891
2104
1513
1314
9928
1560
2823
8266
2851
5871
1809
1535
4147
2419
3555
4977
1533
2441
6230
912000
1541
2415
3431
8070
6548
5534
4550
1717
3492
2603
2618
8038
8097
1468
4529
9934
2425
4164
3013
4123
3229
4541
3631
1583
2926
3536
3494
4554
1595
1516
2059
4994
2012
2010
6283
2451
3443
6104
4160
4506
5543
5434
3388
6195
8923
8416
1503
5324
1903
2066
2063
4305
3551
5314
9958
5347
3661
4916
2235
1471
8473
2616
1558
3706
6462
2450
1789
3005
910861
3558
8921
4965
8409
8277
6128
6123
3363
1316
2049
6222
3708
8291
5278
3360
3579
1720
1777
3305
3491
4806
3128
3266
3561
8072
5272
3122
1604
3027
8403
6202
2029
3296
6238
1773
4304
1340
910482
5536
5287
3617
3691
6154
3211
2351
5525
6506
4728
3324
5516
3090
1526
5820
1735
2547
8341
6208
2311
3373
2324
4414
1476
6514
1512
4171
2489
4532
6105
6176
8083
2379
2915
9945
8463
1808
2597
5009
1704
8034
1617
3684
1909
3437
2607
3416
2471
1337
3028
4190
1527
3056
4763
5489
6116
2430
2719
4930
1568
5474
5608
9946
1307
5514
4755
4762
5493
3224
1721
5007
2905
2427
2867
1472
1614
2206
4416
3489
8410
8942
2359
5488
4419
6240
5016
5471
6156
3484
8443
1626
3591
6204
3088
3646
6531
8933
1217
2540
8080
3687
3002
2849
6276
8054
3615
4188
6174
6477
3479
1259
3528
4180
3664
1333
1528
4947
3130
2486
5289
3289
1457
2497
1456
5243
3219
7402
5291
2734
6241
1799
3048
3452
2601
6499
3567
2458
8464
1616
2393
2402
3024
6115
4163
1590
3516
4939
5703
3682
4974
6179
1102
4133
1514
3019
6201
1308
6113
5213
3169
6139
6171
1530
6109
4106
2726
6124
2023
2007
4138
3540
2367
6446
911619
3207
4430
6131
3217
4121
3455
2409
2397
4120
4933
912398
6142
5321
2332
3580
2444
9962
8024
4306
6229
2395
3632
3622
2609
9157
3498
2493
3504
3041
2239
8287
3294
1592
2356
5392
9911
2539
6117
3523
3628
4729
3693
2399
8201
1733
8076
2729
3260
3033
3022
2028
2388
6465
6298
6417
6185
3285
2377
3501
9912
1465
2436
3032
3231
4953
3508
1201
1203
2231
3055
6190
9950
2615
2701
6134
1715
6187
4543
3036
3105
2727
3083
8044
2337
6233
2437
6223
2816
2233
3276
3546
6470
8271
3406
2884
4161
6194
3232
3514
6169
2606
1438
2201
8905
2227
9941
6449
3050
9802
5351
4153
6220
6405
8121
9110
2856
006203
0055
00646
00648R
00647L
00635U
00642U
0061
0053
0054
0050
00632R
00631L
0056
00638R
00637L
2885
6023
0051
006206
00661
00660
8069
6287
6443
1725
3685
6275
3227
5395
2417
3669
2903
1402
2845
3040
3291
5522
2712
5607
4904
3089
2390
2034
2069
006204
2890
1907
1507
1589
1711
1726
4714
4726
4557
3705
5508
4523
4711
4102
1323
3689
8433
6101
3131
3312
1474
6482
2536
2498
8932
1612
1446
2353
1599
8086
2527
6168
9939
3605
1413
6277
2534
3522
4530
1452
1236
1460
6015
3577
2928
8426
3257
2380
6457
3587
3311
3021
2317
2354
3092
3521
2538
8427
3176
6130
3095
2491
5452
1455
2376
4111
3323
8182
6284
6197
2033
2374
4976
9955
1227
1449
2352
5355
4104
3310
3680
1103
6153
2067
3016
4942
3533
3557
1417
1566
8418
6161
6525
6165
2643
5384
5285
6127
6494
8040
3085
6167
5011
6114
4173
6261
8021
6118
2106
2460
5515
3062
3046
2421
5014
3322
5340
8092
3044
3003
4114
4502
3653
4130
2228
5701
6209
3011
6432
2312
5383
8429
3228
8406
8358
6133
2368
4417
8042
8390
910801
4503
3230
6221
6151
2064
3118
4528
1525
3413
6419
2524
2809
2449
4995
2448
3006
2707
3141
3042
3454
8049
3535
6411
4131
2718
3652
1584
1565
2414
3162
9188
8183
6191
6214
6510
3374
2331
2387
3189
3164
3152
6145
2355
6108
6216
6180
9921
9136
1539
6192
8084
8435
8928
2476
8074
4429
6224
1466
6509
2022
3527
6112
1477
6422
5443
6155
1591
3642
1258
3564
4960
2456
3017
3356
6247
1593
6147
6512
6285
4555
1540
3057
1736
3078
2062
9929
8383
2025
3236
4908
1532
8210
1437
2481
5013
4747
1463
8930
5386
5259
6122
8096
9935
4534
6210
6228
8068
3038
9937
6281
3209
2509
3015
5903
8913
2455
3559
2305
3067
6205
3629
6412
8299
2385
3481
6024
6005
00643
00643K
3541
3625
2484
5348
5309
6231
2325
3511
2363
6415
6257
8016
2722
3071
4533
5356
5349
3362
3531
1256
3583
9906
8917
9918
3703
9931
4924
6160
3264
2901
3037
8908
3293
9925
6121
1580
2442
1419
4909
5209
4919
8940
2443
9944
2032
2031
2888
9926
8234
9106
2516
2420
3630
1409
4406
2605
3679
3171
2850
3383
3576
3376
6186
3144
3188
3663
4999
3259
2114
3023
1109
4303
5274
1582
6173
4725
9940
6126
5531
5269
3465
8091
2438
3025
8047
2542
1235
1712
6702
2428
4433
4192
1734
1788
4175
1108
3332
3325
4119
6409
4556
3390
8421
5457
3315
6292
6243
6140
5455
5203
1784
6451
3047
2731
1597
3226
4535
8112
3206
2024
5529
2611
8067
8213
2467
2360